242496
103104
79040
394304
317888
401664
190784
134080
288832
148288
345600
354432
241920
187840
325312
148736
114368
69376
269184
256576
426112
117184
207936
113088
103552
159488
101504
135616
172864
431168
158400
91008
341056
100992
309120
143360
148608
72896
237632
222336
85888
222208
65728
150976
266112
183936
197632
152256
382144
146944
113792
315776
256320
196864
137728
356800
183296
135616
158464
180544
194560
126976
108800
225856
50048
91520
202432
215040
308032
153568
85824
241216
197120
331648
402368
226752
259264
124992
131072
167360
96448
93120
287040
194880
123584
362112
172928
276160
204160
244096
117120
307136
268096
96640
230720
294976
165440
279232
271680
144896
302912
163840
163040
181952
156608
134976
198336
361344
156288
194368
158720
217280
314304
227328
162176
235840
239232
86976
172416
186240
154816
96704
260928
161088
288832
180736
109312
201280
284416
55936
83904
211712
321408
239936
263104
343488
386048
733056
259712
225024
198272
177984
211776
260224
190144
222592
324096
425152
254912
214976
259840
331328
122880
193024
290048
201088
235456
315200
204096
185280
122816
172224
880064
386560
153152
129408
233280
342400
230272
233664
100288
484224
93376
436736
134080
531840
362240
208064
169600
399488
134592
334016
138752
478848
276352
308416
316480
566528
262592
135552
324928
452800
377344
216448
352768
389632
195072
251008
335104
391616
185792
331648
343744
101888
183296
443584
230848
163584
115456
240896
238912
425664
650624
227776
167616
240192
215488
317440
610176
483392
204544
194944
190080
400896
159616
271488
260416
132736
167936
225984
176064
218304
291648
202240
158016
183232
164864
197504
584640
333312
190016
165504
377920
173504
134656
342656
236096
164480
475136
330176
193792
172992
181056
350080
230208
274688
251520
154688
178304
276224
281619
239552
422272
255168
191488
172544
562496
180352
215488
201728
425984
510528
269888
297408
268864
204992
222912
94336
115200
353344
110838
188928
212224
439744
281792
200960
232064
181888
133696
503232
253376
121792
340928
167744
419328
238976
227456
337728
107840
306176
395200
431680
301696
294784
257216
227008
201536
299992
233216
181376
302208
235456
876480
180992
478144
165824
451584
309504
356416
708032
216128
281536
249856
179907
235392
160640
183808
224640
325888
359680
289926
254592
200832
207680
216064
487872
229824
192896
151360
178240
308608
309376
272000
272256
302784
414528
218560
207424
148480
606720
138432
98368
429952
359552
188288
183872
280640
259584
339456
399872
224704
378304
237568
180480
193024
195968
271552
266688
320768
317760
437952
260288
153344
500992
182912
345024
259648
141888
302976
202624
508608
205952
328512
398208
133952
189568
888832
315072
178752
353664
386048
398208
252800
165632
174464
37189
40896
38144
49216
53376
51200
84160
56512
57920
58560
55104
48960
56640
54848
38784
58624
72704
47872
52480
50176
57792
69504
67712
61952
56896
51986
54208
52352
52608
45632
73536
58944
80640
43648
63808
61440
51008
80064
71936
72128
42496
46784
58944
60480
73088
49024
64022
54906
56320
66432
77120
51776
59328
59008
64448
58048
51939
59392
50112
69696
75648
57344
73280
47221
50560
52544
50496
53312
50560
46912
50752
83328
51776
82176
51200
59328
67136
85376
60032
65088
71574
66880
48768
42752
65728
53227
62464
50845
52416
44352
45824
60992
56192
58496
54720
54848
74496
56704
57280
56960
69888
53120
62144
71808
70528
70848
57280
62208
64768
47232
52224
54400
61504
58944
69248
52992
60800
55891
53504
52638
82624
62656
55168
65280
50496
56512
57536
62208
43712
54144
55040
47616
55296
62144
65920
55616
63232
60416
52032
66880
78080
64832
67328
53632
66304
61056
59072
52864
54579
55936
67968
40192
65856
58880
66877
60416
53440
47808
62976
37824
43261
60736
79296
54976
65984
64320
48640
62912
58240
60544
73280
57088
51712
88640
87270
77632
55424
41408
48512
58688
73088
64384
49280
55424
53824
71744
51584
71424
58368
68800
73408
51584
44352
40832
48448
66304
75072
45952
