202688
179920
168768
467968
229504
162688
100736
237072
221856
433088
643552
219456
149312
250752
228736
329888
589920
465248
199456
182880
168544
393536
273600
154048
271776
245792
115584
145888
208416
174688
224512
277664
185440
144384
165024
169568
200608
569024
317984
185952
144416
361216
159904
113248
304928
214464
144608
431392
300320
188256
153440
229856
176800
332512
208320
246240
232160
141984
164960
276064
288384
216416
237216
395232
237216
172960
151584
500832
184160
223904
212576
187872
403552
328448
523872
163552
269024
293728
261856
196064
268192
220832
110208
105760
366688
98272
182176
203072
641568
401184
281120
190432
233664
178336
119712
483872
253280
102624
312288
140480
439040
113824
211936
211872
234240
296416
98656
280704
350752
396640
291008
281696
215680
190752
187616
265184
211232
168224
289952
141216
174112
218496
913568
163552
431456
144672
426560
282368
326784
608736
262784
189792
257376
250464
158208
218880
156384
159456
213856
326592
352448
203360
266720
225376
191200
179296
203616
420352
200096
193632
128288
148896
293088
905440
337376
289984
246560
248640
202688
302688
369568
202368
193056
148704
289376
580384
130784
90432
105472
421536
331936
143136
151520
160480
265888
378208
242784
312640
368896
213632
204192
342208
220992
172864
190592
242048
242048
316096
287488
427104
144862
230656
172352
368192
142808
202048
492448
168896
333632
239872
147456
266016
185184
487616
218944
290752
302848
382144
135224
186944
908128
325632
178112
359680
378368
407008
353648
212928
156288
178336
311184
171360
375456
156448
204320
234560
170016
167872
264672
164320
492128
182176
164320
194688
624032
198560
549024
231904
353248
349472
126432
156256
336928
348768
249824
215328
85024
138688
165664
221984
88768
201088
182400
266464
303872
367392
89376
177664
206496
200096
193664
269408
458336
146528
360544
314528
246560
339680
83872
158880
83392
201664
456832
179296
299840
126560
143072
361856
150240
361792
513760
535392
241376
204512
154368
729280
278560
398528
254848
85152
354016
310016
202080
320576
226624
826368
195968
325088
173312
765312
282464
465152
542208
283040
272224
194272
164832
360160
433056
355296
215968
116160
231072
380192
301024
274368
398784
380000
179360
532992
303040
317792
392064
264960
197056
304384
684704
299936
370720
388672
295520
211552
450656
282112
295392
283808
192800
556992
222048
279936
174944
113376
196192
320672
227200
554912
245120
199904
137696
180864
165984
368128
478624
293664
339680
296480
274912
359776
178912
169824
308000
514144
347744
67872
180544
250032
444192
262272
144064
356864
341088
295584
237728
165568
352512
292384
174656
300032
122304
280544
319648
202080
377888
206944
164928
307200
269760
311360
562592
457696
470688
193120
810208
248768
335392
211360
213312
180512
537568
362912
109408
530560
177248
204128
229632
305696
641952
167648
204000
203936
203936
386080
175008
236000
214592
214528
298624
144032
289440
250272
289568
144672
257504
163456
427520
393248
303392
206688
280672
92736
197536
128160
267712
329248
389408
322912
461344
259520
228640
267680
91168
364064
405920
208448
283008
318560
386464
330432
249184
267232
203616
330784
264800
222080
376352
387040
147488
388384
108032
181600
365024
340256
297824
263488
273088
533792
488352
310112
328672
353952
361984
407424
197792
420192
405472
363616
182912
407392
237984
220448
314336
173984
285376
338464
375840
190144
139616
156896
140672
206400
495744
418240
460192
291392
204256
299584
347872
648736
151712
418432
175648
322400
284896
314784
174752
281312
731104
388768
555040
225024
448224
337696
249824
260128
141856
155840
238336
168736
359456
249504
199936
158944
199072
109280
60192
261856
286112
167552
243872
236992
287136
241824
150944
446816
176576
467008
373376
413568
238240
519168
232544
310176
163360
260640
177312
488160
353696
520480
305696
240544
419552
223584
164064
356832
513376
317984
212992
208000
373920
589056
654624
405920
150816
722144
303008
424352
254240
401632
364256
395744
254752
200096
291168
326368
282144
242560
243552
194528
199104
257568
385056
287424
212288
246528
205696
329376
222944
634208
339552
288288
144352
292128
383008
546592
220672
204448
239712
387776
260224
377248
224992
402176
210560
204640
280864
349536
335072
250144
321248
322784
211680
316000
365760
233888
192224
168192
314848
284896
209376
305024
310816
343840
270880
319104
363200
348704
283136
307008
335456
294432
455136
295360
397600
468928
332896
380064
313056
219680
323296
228928
526560
213376
194400
190752
267232
238944
249120
420800
234528
367328
209792
166688
491616
827072
313760
324000
372992
522976
358944
308416
233120
358304
252672
105760
139744
122944
445920
205472
303776
170848
417952
200192
311520
379264
186784
186848
788000
158816
211168
211072
524160
190816
185248
210816
208288
338592
439552
256096
427936
265952
464544
221760
636704
146432
441120
98144
203168
330720
584768
346880
422176
574752
437952
234528
260224
161888
163584
167136
211968
228576
169344
392736
403520
458720
190304
151680
285312
362432
170592
129088
127264
332064
290016
383968
372704
148512
325408
420640
275040
277408
273760
235680
464672
508896
188896
665760
306176
144512
193056
192960
244608
198368
248000
410080
157248
460096
108256
109888
792704
672096
158496
213824
209088
537184
368160
313056
443744
380768
477184
729056
393824
262848
459584
202752
439648
415936
95936
304864
227392
541760
196832
176608
174304
481696
515072
119520
255136
380832
162432
360576
273408
150176
766048
255776
275104
196608
596064
129760
206368
138240
251744
215136
385088
215328
116576
581760
320416
346464
306816
226656
736384
193024
305696
209152
129184
230432
197440
192928
187744
136672
242336
389216
163488
258304
226144
191008
144800
185920
370016
186944
425248
324288
172896
210624
210192
232592
168320
199264
250880
263504
202048
145664
238400
171520
295104
516352
134912
474432
317696
133888
152576
222336
169152
139040
168128
210304
324608
339344
272832
297280
348032
519360
139136
159872
150848
135360
133920
293120
432128
278336
437248
141840
202560
241344
381696
237248
129088
208192
454848
645184
89984
532032
1120384
448448
446016
126016
824512
549920
166688
662336
136360
467136
787648
855808
304768
390720
516096
284608
961280
261120
789760
350720
544384
685248
131328
444864
636928
562944
617152
1006272
655936
635584
433600
784384
228096
1044864
321072
602560
411584
597760
535552
785344
660672
400576
347360
338912
178720
137184
409888
150048
504864
425856
400928
207488
150048
338944
159456
538176
426624
167584
553152
181904
168448
191360
304192
327072
209024
322112
356752
43584
187008
128512
310000
149216
95200
355360
354144
317664
392544
442912
418528
344224
75648
194688
326880
321824
348640
251136
166368
194752
254112
316960
438880
208480
359072
357472
271744
183392
486272
233504
40960
214656
269984
64992
175968
145024
167488
435424
237600
341280
411904
306656
386976
264896
282816
229248
163584
187584
301824
563424
169888
398144
379232
149856
541344
345120
401280
150368
333728
160928
175328
367936
327648
215264
363712
353536
150048
43776
502432
386080
366304
157184
197248
389920
172608
336768
442304
407520
443168
440704
204064
364832
350240
294624
208992
61760
329760
152672
460000
309408
519648
441856
195648
469920
196320
439904
359456
360448
146816
382560
353632
49184
454752
168000
361760
387552
130496
448480
259744
347168
418304
333344
254144
533760
290400
335136
222816
75264
364416
255904
175264
391648
178752
194176
24608
382016
390240
548640
159776
409024
297280
283488
436448
355232
470816
455136
236960
431616
374752
91200
285664
436928
332192
192960
428160
199712
630528
253344
475232
332032
299808
288704
261312
410880
276096
389600
406304
524512
432544
407552
385056
445216
171744
352544
193984
223264
386080
467072
405728
266464
314336
320416
435712
391776
305408
43968
298784
288320
365408
407648
493664
307520
416480
355520
293664
332928
38112
309792
355936
315424
443328
344992
149152
394528
187264
368224
138912
305056
368992
381536
450304
506400
181792
235392
126848
372064
403200
325152
188640
354528
146688
402144
407712
376704
415104
310656
361120
284480
453920
409312
335712
148896
300992
262240
155488
393440
112512
456448
169504
347296
434144
490848
298688
48832
376672
563488
372864
314784
188256
369952
319680
255872
162336
370400
133024
332896
346432
334688
338400
420672
292672
401824
249760
472000
224384
171264
54528
337696
349824
332448
473920
396384
201056
175424
115232
330816
357504
198464
168544
130944
194912
146848
379872
147584
146560
210400
148416
373632
32800
384416
229472
399008
355808
359328
353120
231392
75072
432064
321152
324320
69856
328288
469536
517504
384416
319232
474656
429440
228448
70400
413376
362496
168064
373920
432928
392864
356768
397152
205056
139296
425600
327744
322688
127776
433280
396640
164928
197792
317664
347776
329568
346368
360544
318208
366240
438240
169088
360096
289568
167104
498528
431168
415584
337024
480736
209824
416544
398304
149984
131904
222720
42592
306304
151744
353632
153760
335744
345728
166048
379168
474976
326144
474688
157728
254080
416448
375072
333728
452960
146528
331872
341184
451616
292832
156576
469664
308256
300512
302240
184544
185408
351424
252192
311520
402880
140224
130592
309600
36704
136512
389344
501696
358496
27200
155744
139776
168384
187232
298848
179136
295360
300320
108224
175936
325696
316992
334016
326336
302592
294208
359744
388320
319488
481024
172800
197888
164480
320320
165664
124477
131968
251712
178080
121472
417248
331648
389152
145600
154688
138176
298048
390688
187776
281600
27136
110450
196768
334336
153600
159424
309376
423392
379520
183424
220160
299264
203776
111453
325248
396416
565088
384384
334720
430048
367808
331232
63680
231296
75941
139813
379712
306032
140032
273408
161728
225664
340800
375616
294960
376368
148160
298176
157520
227472
155200
390400
363392
328960
120150
310272
346560
541472
396800
153088
353600
150336
161888
122842
336000
38242
186752
495776
422688
244016
419520
217536
391360
186112
400576
437760
247328
379072
279872
125056
130176
201248
134528
414368
154080
358848
139712
265904
296448
391936
380016
169920
384064
546400
187968
351296
175488
172992
461600
