294464
111936
97344
464256
374144
485824
245632
173120
370752
190592
383488
455296
266816
213248
390784
172864
139072
62016
363264
299776
275776
490112
95872
188672
228928
118400
103296
162496
103168
161920
195648
496384
152704
607232
109824
404992
124352
364672
162112
161728
298624
64192
264960
219648
190720
83520
216640
62016
134016
167296
250112
178304
202624
166144
381632
510016
152064
99328
321472
295232
194432
398016
200128
140032
145216
175104
195776
111104
91648
234688
46400
85888
207232
328384
146048
77312
218624
194304
144448
331520
398144
217792
273984
131072
122496
152128
78784
103616
316480
206464
130368
371136
163648
275072
196288
234304
111552
308608
233728
90368
197120
313088
152512
259392
279360
126336
266368
131008
148032
170816
157952
130304
203840
341248
132672
184192
138880
174656
286528
195392
145216
211136
255040
74432
165056
168704
169472
102912
240576
216384
144576
176512
120832
206912
265216
47296
66368
201600
201792
239936
384000
344064
697728
227840
197760
203904
178432
201216
253760
181696
238592
323776
443968
264256
223680
343616
124800
219136
306368
195520
247424
235200
393536
172160
316864
238016
200192
148864
268224
1063488
179520
357376
153536
131968
238272
391232
274560
313984
270656
262528
152512
573696
101440
477760
133632
620160
373568
271104
216512
509312
187776
485632
187776
593024
340224
415872
371264
782976
726528
387392
137728
303296
486080
389568
194496
345536
394880
179328
266176
350784
420672
204480
367104
398464
136768
188555
104365
271258
230000
211840
254528
194176
210240
305598
176418
145984
37674
35712
39488
44416
57906
53440
48704
83072
59712
56064
54784
56064
46272
52800
56128
38464
54592
65472
46656
48384
55488
53312
65536
66112
56064
51264
53574
52096
46464
49600
46912
74688
58496
76672
42624
57472
57472
47680
79552
61184
66944
37376
44544
57600
61864
71488
48960
51406
54464
69760
75840
66880
58304
59712
52096
62400
60288
50414
58304
59584
53504
69248
75392
57152
79680
52944
53248
57472
50368
52416
51072
47168
43328
51648
82496
48064
89216
49664
59392
67328
75200
59712
64576
69894
61760
51712
41600
60544
55552
50706
49344
45568
42368
57216
52224
48192
54976
56896
51904
71360
57152
62912
51264
70720
54848
61504
65728
69056
68480
51712
60416
66496
44480
55104
49536
62464
58304
60928
49152
54080
53696
51146
76864
61248
48256
52800
55360
54080
58112
54720
51712
55040
53440
57664
62784
60928
60672
48832
67136
61696
65344
51328
72384
55232
56640
46016
61021
57088
61312
39168
63808
51008
68619
63360
53888
47744
59008
42880
45349
58688
74752
50048
64768
67264
48576
62080
58624
59648
76544
56960
47488
83776
84370
80192
55488
44288
47616
56320
70016
57536
48064
56192
50816
66880
51840
67392
59648
72064
67584
56832
47488
40064
61248
73536
45632
