278144
109440
88384
411968
337472
419328
253632
161024
352832
170496
387200
476480
300992
218816
457280
211648
167104
81344
404096
336960
319104
509248
121408
185920
244288
113792
108864
163200
108288
193472
231360
603904
187264
664128
113472
454464
119424
364800
197568
174400
379392
74432
274496
212608
209728
80128
214912
66304
139456
163456
278400
175104
179072
149760
374080
520320
139744
85312
312896
234624
184960
147008
359936
184640
126080
148736
165824
173504
107712
83904
236608
38400
88768
198144
194880
276544
157888
72576
226496
169408
143744
322176
428288
221056
260352
105408
124928
153856
81184
91200
274560
178752
116864
351168
156992
249856
176000
220864
108608
283328
246912
93440
199488
254592
136832
264448
257984
241536
126464
144448
150912
130752
114880
180224
347328
132864
157760
143360
200832
307520
196864
147776
204544
229056
64320
159424
154048
156160
89472
235072
135936
227904
163008
120896
185152
242688
45440
75520
181696
314880
209792
225920
301376
357184
752896
213952
179328
191808
159744
182912
217792
159040
193536
321216
380096
242944
184832
223168
342080
120768
192896
260864
171072
181760
213312
313408
127808
222848
173824
156288
147264
249024
783936
375936
152960
118592
228992
312384
304192
239552
211840
97472
455296
85376
429440
104448
493632
330176
210624
201728
388160
134912
446400
239424
697472
412736
401600
377280
654208
416128
172672
357056
576384
416000
221504
363328
503168
219584
299328
346368
422656
226688
384384
392704
125120
164608
143424
407424
194662
147136
99904
208064
193936
371712
141632
209728
191936
286336
528832
400000
172608
158272
154816
352576
236032
131776
238528
212800
104128
182080
169984
156488
131072
157696
140032
182656
510784
286656
176768
143424
153920
108096
196416
141824
424448
157632
155520
170432
315904
192768
224448
226816
145152
157440
272064
252096
232384
372096
226752
162048
142144
496064
174528
208896
203008
181440
391168
312896
467584
150464
226816
283904
220160
176768
190016
86592
89558
312768
88448
155235
166144
601664
396992
255680
190400
211200
160064
115776
445312
224896
98304
294528
146624
400960
212032
202240
195968
281344
88384
256896
312640
386752
272000
250304
204544
177280
172992
194880
246912
124608
156544
181504
826048
142080
392320
133760
259200
329408
590464
190336
250816
219072
183424
137664
162176
192320
303616
335616
231616
186048
177216
179904
178496
410816
197888
189056
121536
151104
304576
238400
271936
344192
175744
171648
265088
129792
84096
93504
386816
330240
141568
145088
246400
279424
346752
202304
193216
322816
195456
148160
163328
172544
243776
230720
277888
295808
367744
214848
139648
182464
447552
160690
322752
208512
124928
233664
173888
446656
185472
296256
342848
122624
150144
270720
157952
322048
353280
384064
278720
199808
137344
154624
37094
38080
38272
42624
54342
54208
49408
81728
54016
54336
56384
52352
42880
49536
49600
36160
54144
64064
43328
47168
51968
52544
59840
63296
56384
49408
49491
47360
48704
47808
43136
65408
58112
69952
38592
52032
52992
45312
70016
54464
58688
36416
43072
54272
55550
65088
48000
61350
51200
47350
53184
66752
69632
57024
54976
56256
57856
51712
48925
57984
48384
64576
72512
51328
71936
47310
49664
47872
47808
50752
48512
41152
47808
77696
48064
86400
48832
59840
59968
69120
57152
57216
63971
62336
48640
41088
63616
56896
48413
47040
44544
43200
59776
50944
52544
54720
48192
70080
56704
61312
50048
67584
53952
61504
67136
62400
68096
52928
58176
61888
46720
55232
49408
60928
59008
59264
49728
51432
54016
47894
73856
60352
44800
60416
50240
54400
53120
55104
56064
54912
56576
54784
61824
62144
61056
61376
62464
49088
66112
76288
67840
71936
51840
69376
56768
58368
51584
52776
55875
54400
67136
40832
52288
58944
51264
47232
64064
40256
45443
64768
79104
54848
64960
67648
50112
65664
56768
60096
73152
55872
50112
85568
82962
75776
57792
43072
45760
54080
68800
61888
53184
57472
53888
69440
50368
69184
57792
64384
71360
54592
47936
44480
46784
58752
79488
48960
