184128
191040
180416
492672
244032
178176
119616
264000
226304
468160
642624
237824
164928
257408
229504
335872
608448
479744
208256
197376
180992
406528
280176
165696
280192
270464
121514
164160
215808
181760
209216
280384
199040
151808
176576
163584
205728
573696
335232
183168
162752
390272
178112
132288
329344
219648
155584
467584
323456
195296
175952
240320
197760
337216
233856
252800
253568
159296
178176
296448
287488
252608
252544
429824
263744
185344
166080
525760
187328
219840
221248
193408
432000
336576
525376
177280
272704
321440
277760
210816
270976
221168
100992
110848
375744
114816
185280
213632
703296
458368
300928
207552
241472
173504
137152
532672
278784
123712
324672
162816
456192
124251
230848
217536
226368
329984
114304
300480
361856
405824
317184
294208
241600
203648
195776
303616
241216
176064
302656
140096
189632
230016
928960
169792
455680
145856
459200
297024
344000
628224
271488
194752
260672
253888
162240
213248
157056
173312
229056
342144
367168
218240
259712
230464
205952
200320
210048
475584
212864
206400
142976
166016
327808
910848
358400
295936
281792
260992
201088
309696
387968
205312
204032
157440
302848
581952
141568
99832
99285
426304
370368
159744
158144
169536
288384
385152
264064
311616
376128
225344
218432
360640
232768
178048
197184
219904
277888
279616
355072
317696
476800
183232
255104
194240
403520
173056
231168
548672
186048
369216
277824
166464
297728
217344
499008
228288
303552
332160
420736
153664
199232
1017280
352448
172720
374848
387072
425728
347072
233280
159872
191104
302624
165632
373056
165952
207104
239232
177280
177920
253248
182976
486272
187136
177088
201744
589760
199232
530624
246784
346176
345792
136896
162048
330560
344896
272768
218432
76402
162496
179136
194688
97091
191936
168736
261056
294400
373376
90240
267392
198848
182784
177856
260544
428352
147072
331008
303680
261376
364384
78683
161856
71040
198528
466432
177472
323136
140232
143936
353984
150160
339648
512320
513280
268608
214272
163648
732288
289216
408000
255680
87552
361024
335936
197616
308160
226560
781568
190720
302208
167792
754752
289024
459264
512640
302272
260992
205056
193536
356992
430976
346304
219584
124672
235520
379776
304512
281856
392000
387136
185408
524992
303808
305152
390208
268288
193920
306944
663040
281920
349248
356096
282240
198144
449984
297984
279872
203008
569984
225600
287424
161536
111048
201536
298240
245568
556352
264640
226240
158208
182400
165760
396544
489280
322304
361920
296064
281920
375808
189504
176576
306368
486080
351680
71782
164544
260928
443712
465408
205808
244480
147200
343424
274048
332608
568576
288640
390336
250240
166912
357440
300752
176640
305664
121051
278784
317824
213840
326144
376064
206016
162368
302832
287104
335424
561728
483968
199680
787840
247936
361664
216560
214208
180288
537152
379392
127232
551424
186112
211904
236480
323520
651392
167232
216128
225600
208640
368832
169152
246400
224640
215680
252480
152448
299392
273920
301120
141312
269440
166336
451072
404992
303408
199904
295296
87744
208064
138112
262656
345856
399360
304896
400960
259648
234960
278080
106496
356864
370816
211008
280576
360448
425024
360256
287936
317888
215296
361408
293568
249536
400064
416896
151328
397440
102352
190592
376704
344000
295808
314048
548352
482816
304768
341568
361920
349696
410112
214400
427840
425024
384576
186496
413888
248448
246400
316096
191424
306176
355648
410496
217536
158272
172480
138304
208192
519424
441856
467776
304576
213184
317760
378944
675584
168704
453312
194816
367360
304384
346304
195776
329088
769728
407104
551168
222976
480768
373888
270848
289920
156736
159872
240576
189504
376704
286400
195072
169600
207744
122752
79070
282368
301184
178944
247232
254464
303360
251312
175168
498560
201920
516288
403968
446272
266432
563392
264832
344896
187392
273984
203520
546816
404224
584896
352384
271040
488128
225152
203328
435584
556544
337408
232256
225344
400384
503872
688256
449344
169344
794816
340544
469888
281088
443840
416064
388992
300224
225600
303488
346560
306944
274432
266240
220096
196288
258496
426560
323328
243280
270016
223744
346560
242688
674752
366784
310976
171264
327488
421184
594688
240576
206464
258512
255680
381760
245360
425216
242752
220416
325440
382592
374016
261568
320320
332864
233792
354240
365248
237440
195712
169984
344704
294976
219584
266432
331200
368192
296448
351744
394496
358800
295616
333312
309696
483392
287744
424704
497600
367936
422784
326144
245376
330112
235200
518464
227584
207552
209728
280256
256448
253504
449664
267584
410112
218944
190720
516480
850112
341120
375040
385024
563904
411008
315584
255488
379264
246576
124032
138112
125696
504832
230528
317632
190464
421568
188224
313216
379072
189760
193632
785344
158736
225216
218080
508864
193536
186880
224576
206272
344576
443584
277568
460992
289856
481344
239184
696704
172928
494016
117882
220672
337792
641792
379968
462848
642944
569088
251136
283392
194688
172864
192448
234944
257920
205600
424960
460672
497280
211072
185152
301440
396736
196032
135360
152384
358784
315264
395584
414400
168192
340096
459264
285184
320384
314176
229440
530944
553664
202688
768448
334400
166912
219712
224576
294464
246336
301568
466752
170304
503872
122222
120832
871488
713856
178496
238336
226512
589184
391360
337600
505856
424640
480320
783296
416192
284288
480448
229184
470016
467328
118272
323008
240768
581760
208832
187968
177600
514176
549312
127296
300560
433856
181952
395520
304960
168448
862144
309952
307264
219840
675712
146944
250464
175936
284672
246976
458432
272832
152512
675584
375424
380800
360128
255360
827904
235584
356928
245248
152384
261504
234880
233856
217920
167936
292352
438528
202624
308672
263680
207424
167680
150848
441536
220224
468864
367104
225792
258112
242752
277632
201408
251136
297984
288432
238976
177536
272448
200896
336768
587712
153536
548224
146880
201104
161216
185408
232640
371968
389312
326400
343552
414080
609344
173248
182912
164864
133248
148672
310208
492928
316416
496000
150656
215808
255552
409664
242112
155264
239232
520896
692544
98752
558272
1228416
492128
495616
147200
898944
614464
186976
731776
156544
494912
856512
979520
329280
438912
558464
305216
1057728
280064
866432
364992
595392
811584
136384
519808
749888
632512
661696
1114560
709312
685760
463168
856384
253248
1154496
370240
646656
438080
657024
592608
846144
700096
421120
371200
355264
204544
158272
454912
178624
519680
470080
464576
232320
185888
374272
177792
572352
492480
199040
597248
203344
180352
225216
339200
374592
234688
382784
409344
44288
206336
162848
306432
171456
101283
393664
401472
361856
441920
488256
446656
371200
85184
204224
334016
353280
364288
271488
188032
200112
273344
325568
454784
227968
371712
386432
304512
205632
498624
244096
34224
213248
283968
70059
175232
165824
164336
457792
242176
340672
403584
307648
400768
270784
274816
223488
164736
181120
304384
574016
180480
433536
382016
151616
555200
355776
377152
166208
354208
169664
182464
381504
300736
210816
364416
336384
159552
36685
488832
404736
360128
153024
170112
406592
187744
339264
452608
458560
444544
430080
199808
362496
333184
281536
223360
55278
320336
142272
450240
280896
484480
405248
196096
433088
154496
404928
297792
357952
143982
353792
363072
48832
431616
153984
341952
340160
138248
419328
227776
309312
366144
318848
268160
491200
272448
293504
182848
62144
341184
214656
168256
380224
157120
191424
27392
357568
374848
510272
152256
397120
254208
264000
414464
343552
443584
438976
220480
399104
454336
354240
84608
296448
406784
314048
171968
388928
184656
577792
255232
443392
419520
345024
308224
288896
253184
291392
266304
398208
276160
383488
405248
508224
336768
401280
388416
380736
450752
178752
355648
191616
191424
392512
455552
424000
278272
342336
358208
350528
471424
397056
353152
44760
315264
320384
387136
426304
503296
321536
478336
370880
306944
359424
34112
320256
363392
357632
448320
369408
167040
417600
196608
380864
162688
328256
398016
434560
487552
542784
211328
259776
131200
460096
326464
225792
373696
160704
435136
454272
420864
444800
339776
373120
295360
469568
440704
370304
147904
336448
271552
169344
390784
123904
475648
188352
370496
480768
517632
290624
49248
404288
577408
394256
342656
203072
391232
345088
283584
171520
378688
143424
339136
408320
364480
361920
424832
300000
430336
263296
492992
251008
205440
47680
341120
391744
357888
528320
427584
216320
192896
126464
341696
404992
220288
180240
163648
217664
164544
435328
156800
159104
214720
157696
383360
31426
420480
252032
424960
405568
395456
372992
255872
77760
490944
360000
349888
73856
346496
505536
554688
424384
366720
508800
438016
235840
64706
421824
394240
178496
414272
489280
437568
409664
425984
240320
152256
474368
358720
363648
135744
474688
438080
173056
221760
336448
376512
363008
349952
395648
326464
383680
472192
197312
372800
326144
156288
550528
460416
473984
392064
528896
206592
459520
413760
172608
148096
235008
48832
343168
149952
351168
154880
374592
388672
181056
429568
507392
363072
523776
189248
285056
467840
406592
363392
501568
172224
383360
348160
523776
334976
180352
522304
351872
338944
335872
205440
193600
407936
297280
361088
453824
139008
156160
360704
41285
153152
429632
561600
411392
22042
161472
144448
182304
202368
333376
183552
335680
326016
143232
186496
354304
336832
373760
344384
292096
335168
387008
443392
341760
509952
189568
209280
184640
356416
170560
137728
152392
278016
216064
141952
477696
374016
424192
160192
159568
155520
329408
432512
185280
296512
33088
134528
218688
355840
177856
191680
340288
489920
422272
200704
246016
328960
223488
130944
352048
471296
590208
408000
383872
487360
395008
369024
60322
259456
77077
156544
392768
345792
145920
312832
163712
233600
384256
421696
340544
414720
155904
330240
167616
256896
185280
396288
370496
336896
137216
326784
377344
568640
432320
152000
390144
137152
159808
123328
331072
32064
185408
468864
445952
244096
441472
234944
417984
220992
447872
475520
254592
389376
292096
176960
139200
211136
136000
430208
138368
343872
135680
278272
292352
418432
399552
138944
412864
584064
201728
363200
183168
168000
490816
