248704
113024
85696
378816
304384
379072
234496
164992
304384
167488
314944
385344
240384
187392
167680
132032
73856
368384
299200
282624
469440
114944
180288
233728
130176
114368
169088
118080
172736
162688
494144
158976
530496
104960
414464
107840
335296
169536
157952
267776
75968
268032
263104
231488
94976
82368
150528
151616
294656
183040
205888
137024
414464
537408
152832
98112
341120
290816
215360
181632
383744
209088
151168
161984
188224
188288
127104
95424
267776
54016
108864
220416
214464
321984
180032
93952
175616
190464
167488
340736
435584
230592
276608
133504
128448
165824
88384
105792
305024
180032
128832
357248
159936
284160
193984
225472
130432
357248
236096
98752
229376
304320
157184
223040
274560
133824
267712
149184
160896
173888
152768
140032
205120
357056
169280
195200
167680
182976
300992
190784
161856
222016
240384
188736
188928
184768
106304
252096
214080
164544
266944
199296
165248
239808
281024
74432
75456
201856
330112
238016
281216
323136
436032
406464
741504
265856
234752
209536
186688
211008
256256
159744
224448
325696
413248
274304
223872
258752
341248
141440
170304
293504
212672
238656
254208
380352
162304
281152
224896
200000
118848
160960
860736
182400
345152
159744
128256
240128
328448
269760
309888
247872
264704
102400
498944
104512
461824
131200
548096
375680
217728
179264
432768
155392
364608
172224
551360
328832
323392
324224
660480
575360
345344
142400
337536
492096
368064
203520
334912
395520
205824
259456
362112
410368
202432
383296
362432
145536
172118
174720
173248
481408
233152
165120
116358
230656
216768
441088
631488
209664
162944
241024
224064
329600
637376
470464
194048
195648
173312
397248
278976
162432
270720
256320
131840
157248
202624
135232
266624
174144
153728
161728
174398
202432
562048
328768
190848
164352
172800
118144
302656
210944
144576
459712
306496
188032
158528
234560
173056
314944
202624
238848
214016
146816
164032
260800
268992
216192
230592
390976
247872
177280
161728
520576
180672
209792
202816
347072
311680
443584
182464
279616
249408
195584
249536
203264
90432
100416
112896
181312
205184
666432
335296
291008
208192
233608
172133
128384
413312
120384
334784
158976
431936
135659
240960
231232
216704
323520
101760
297408
371840
424192
307584
289984
234112
212416
189184
211264
175424
298544
152256
198272
180032
812672
160128
418048
131200
418176
577280
189568
235456
242304
124672
206528
144576
164416
209408
321664
344960
204608
248000
219456
199424
188224
204736
215232
202944
142080
163904
322176
350720
308160
258944
261696
203520
316800
383232
203520
192704
154368
294592
561024
136512
102720
104960
386496
337856
155392
162368
382592
258176
324288
406208
238464
229376
346304
232064
182528
177216
200256
246336
241472
337600
306688
430528
147200
209152
173312
145152
166400
490624
174976
335424
145216
260032
182400
472640
217728
372736
182400
884480
166080
321088
358848
406848
325056
224704
145344
195008
40571
38784
39936
44032
56998
57024
51392
84224
58688
56576
55424
54784
47360
49088
53696
37248
57600
67264
45056
47552
52480
52032
61696
63168
58944
52736
52656
51072
48896
51456
45824
72384
61440
79296
41664
55744
55872
48000
72768
54080
61056
36928
46528
56000
59259
70720
46080
61539
53790
49291
52352
70016
71616
63936
60224
62016
56384
64064
55936
57152
59712
51392
66752
76416
52608
75520
52403
48448
52288
50240
50752
55808
50752
43712
53696
83072
49728
85312
49792
60160
60544
73664
57024
62656
70912
49856
43648
64064
59072
51266
52992
48896
44736
61056
53696
50368
58048
53056
46464
69504
52672
58368
51968
69504
48576
62784
64896
66880
66880
51648
56576
61120
45824
54208
49600
59712
54464
52032
45760
58880
53456
51328
50661
75776
59456
46592
58176
49216
47488
53888
55104
51392
54400
57664
57280
53312
56576
64000
59968
60928
59392
48576
61248
72576
63488
68608
47616
65984
52800
57984
47488
50710
57550
54528
63872
41536
61696
50624
55872
49920
46848
62336
41024
43818
63296
73024
53376
63680
65536
47296
63616
58432
58624
70912
51904
46848
82944
83832
71744
57152
40448
45952
54784
70976
60672
51328
53632
47424
67904
49728
65152
61632
64192
68416
52352
45632
40896
44416
58816
70976
42816
